4294967278,10
4294967278,9
4294967278,8
4294967278,7
4294967278,6
4294967278,5
4294967278,4
4294967279,132
4294967278,24
4294967278,23
4294967278,22
4294967278,21
4294967278,20
4294967278,19
4294967278,18
4294967278,17
4294967278,16
4294967278,15
4294967278,14
4294967278,13
4294967278,12
4294967278,11
4294967278,173
4294967278,172
4294967278,171
10,4
10,3
10,2
10,1
4294967279,315
4294967278,170
4294967294,387
4294967294,388
4294967294,480
4294967294,479
4294967279,314
4294967279,313
4294967278,168
9,5
4294967278,166
9,4
9,3
9,2
9,1
4294967279,312
4294967278,165
4294967278,307
4294967279,311
4294967278,306
4294967278,162
4294967278,305
4294967279,310
4294967279,309
4294967278,304
4294967294,408
4294967294,396
4294967294,395
4294967294,178
4294967294,405
4294967294,168
4294967294,398
4294967294,384
4294967294,466
4294967294,180
4294967294,416
4294967294,118
4294967294,468
4294967294,189
4294967294,456
4294967294,393
4294967294,46
4294967294,115
4294967279,308
4294967279,307
4294967278,303
4294967278,29
4294967278,28
4294967278,27
4294967278,26
4294967278,25
4294967278,302
4294967278,37
4294967278,36
4294967278,35
4294967278,34
4294967278,33
4294967278,32
4294967278,31
4294967278,30
4294967279,27
4294967279,26
4294967279,25
4294967279,24
4294967279,21
4294967279,20
4294967278,158
4294967278,156
4294967278,155
8,4
4294967278,154
8,3
8,2
8,1
4294967278,301
4294967294,1420
4294967294,417
4294967294,1021
4294967294,187
4294967278,153
4294967294,2
4294967278,151
4294967278,152
4294967278,300
4294967278,299
7,5
4294967294,99
4294967278,150
7,4
7,3
7,2
7,1
4294967278,298
0,7
4294967294,469
4294967279,306
4294967278,297
4294967294,1018
4294967294,29
4294967279,305
4294967279,304
4294967278,296
4294967294,42
4294967279,19
4294967279,17
4294967279,15
4294967279,14
4294967279,13
4294967279,12
4294967294,30
4294967294,61
4294967294,97
4294967294,1031
4294967294,1030
4294967294,1029
4294967294,1025
4294967294,1024
4294967294,986
4294967294,982
4294967294,961
4294967294,82
4294967294,420
4294967278,295
4294967279,303
4294967294,436
4294967294,147
4294967294,186
4294967294,53
4294967294,45
4294967294,0
4294967294,1020
4294967294,390
4294967294,107
4294967294,92
4294967294,91
4294967294,90
4294967294,88
4294967294,87
4294967294,86
4294967294,85
4294967294,84
4294967294,411
4294967294,987
4294967294,28
4294967294,437
4294967294,428
4294967294,44
4294967294,96
4294967294,94
4294967278,294
4294967294,9
4294967294,8
4294967278,293
4294967279,302
4294967294,6
4294967294,93
4294967294,95
4294967279,301
4294967278,260
4294967278,0
4294967294,50
4294967294,1023
4294967294,11
4294967278,132
4294967278,131
4294967278,130
4294967278,129
4294967278,128
4294967278,127
4294967278,126
4294967278,125
4294967278,124
4294967278,123
4294967278,122
4294967278,121
4294967278,120
4294967278,119
4294967278,118
4294967278,117
4294967278,116
4294967278,115
4294967278,114
4294967278,113
4294967278,112
4294967278,111
4294967278,110
4294967278,109
4294967278,108
4294967278,107
4294967278,106
4294967278,105
4294967278,104
4294967278,103
4294967278,102
4294967278,101
4294967278,100
4294967278,99
4294967278,98
4294967278,97
4294967278,96
4294967278,95
4294967278,94
4294967278,93
4294967278,92
4294967278,91
4294967278,90
4294967278,89
4294967278,87
4294967278,86
4294967278,85
4294967278,84
4294967278,83
4294967278,82
4294967278,81
4294967278,80
4294967278,79
4294967278,78
4294967278,77
4294967278,76
4294967278,75
4294967278,74
4294967278,73
4294967278,72
4294967278,71
4294967278,70
4294967278,69
4294967278,68
4294967278,67
4294967278,66
4294967278,65
4294967278,64
4294967278,63
4294967278,62
4294967278,61
4294967278,60
4294967278,59
4294967278,58
4294967278,57
4294967278,56
4294967278,55
4294967278,54
4294967278,53
4294967278,52
4294967278,51
4294967278,50
4294967278,49
4294967278,48
4294967278,47
4294967278,46
4294967278,45
4294967278,44
4294967278,43
4294967278,42
4294967278,41
4294967278,40
4294967278,39
4294967278,38
